32
5 120.10 1603.95 0.05
6 180.04 1764.21 835.57
28 180.13 1147.65 756.47
32 192.46 1372.29 886.91
48 293.49 1106.34 229.01
52 275.88 1194.59 0.28
53 285.75 0.70 0.01
54 177.86 381.09 146.84
57 270.00 1941.80 689.62
59 300.34 1900.19 94.30
62 98.45 598.04 7.30
81 187.58 999.51 722.35
92 359.53 0.00 667.37
113 90.49 1351.99 971.91
117 208.56 1460.48 0.70
132 277.55 835.85 0.78
134 180.00 1930.86 489.30
137 90.55 0.88 949.30
141 359.53 683.90 0.00
144 101.30 0.00 156.57
146 90.00 1433.00 269.69
160 270.05 689.04 1132.59
164 270.00 1055.00 867.11
167 192.47 1372.43 352.10
171 301.88 513.71 1091.33
173 61.00 837.14 705.77
183 180.02 0.00 5.87
185 225.44 45.38 915.58
187 225.78 0.20 902.88
199 187.46 186.95 913.98
203 45.16 1111.46 1009.46
206 270.00 1668.97 1092.15
28
16 32.49 1465.58 389.38
30 270.00 1549.15 211.96
40 0.00 1244.15 1128.60
41 90.00 1841.72 1130.00
46 94.35 1289.44 42.99
56 270.00 0.00 0.99
58 73.96 1828.42 655.13
63 180.07 0.00 490.02
65 21.37 1337.96 459.08
67 0.47 534.71 1105.66
69 235.42 1813.92 492.82
77 89.31 1008.88 0.00
80 270.87 739.82 0.04
84 265.45 129.04 357.10
99 41.73 1874.91 79.48
101 291.45 605.10 344.54
119 0.74 1291.61 0.00
128 290.32 534.75 549.54
129 260.81 0.00 0.26
156 0.00 1317.72 752.58
163 291.61 786.57 203.11
174 30.89 1290.94 266.95
184 90.00 1442.49 0.00
190 176.83 916.20 88.33
192 80.50 1518.93 1.03
193 181.83 1442.80 904.35
197 359.59 1581.33 708.24
204 90.06 534.71 465.05
21
14 89.99 1882.77 0.00
17 179.98 373.25 553.99
22 84.49 811.89 0.00
23 174.43 504.95 0.36
33 179.50 504.90 861.34
38 0.00 1140.54 0.00
42 0.02 0.00 0.00
50 179.98 1923.37 241.71
82 47.51 1462.78 725.29
85 268.60 1880.33 395.64
86 176.91 1410.76 0.05
97 359.85 971.16 0.00
107 179.97 1858.10 872.79
114 180.01 0.00 595.96
138 93.26 1378.46 741.16
153 62.93 1032.83 920.68
165 89.88 504.97 1041.07
172 270.22 551.76 1007.72
175 90.00 10.78 563.49
181 180.00 797.08 879.57
207 10.64 1426.06 362.32
21
7 350.69 0.00 85.24
12 38.20 1234.24 218.67
15 355.67 891.52 701.91
47 269.79 120.27 5.72
49 275.26 247.50 497.51
51 235.56 317.10 699.53
60 0.09 795.87 242.29
61 0.28 523.22 957.70
83 315.59 1517.76 295.27
90 359.59 1660.91 490.64
98 270.00 1664.04 0.00
100 206.25 1204.57 16.72
105 179.72 303.58 0.02
111 89.58 284.89 577.99
126 23.24 1030.39 245.06
131 270.04 795.64 0.06
148 78.13 2.80 1019.11
150 103.22 1312.53 518.53
180 79.03 1.01 7.17
182 180.01 416.92 505.06
209 282.82 1311.81 1002.32
14
3 56.47 1193.07 404.49
29 0.33 1.16 0.00
55 88.33 1529.47 0.24
64 89.51 0.03 490.68
71 179.04 721.12 0.00
79 270.00 340.85 452.09
91 267.35 194.65 328.27
94 39.23 945.41 950.80
110 270.51 682.16 425.19
112 45.64 677.70 617.85
125 19.27 1537.65 0.22
136 269.53 1453.52 970.13
151 269.72 1024.03 0.00
166 112.49 1798.03 557.93
11
19 332.90 864.74 1.79
20 90.28 1040.23 851.60
66 107.65 1.01 0.00
76 115.50 1223.80 565.13
130 153.14 661.24 379.63
135 18.97 358.22 0.06
140 180.62 1191.47 0.02
142 90.55 357.78 635.53
147 89.52 2.21 836.96
155 180.59 1467.50 152.58
191 4.96 281.69 233.22
12
21 163.83 264.62 160.28
26 345.17 710.41 3.79
27 158.37 1484.92 276.86
74 90.00 776.65 278.80
89 340.25 0.00 0.70
95 260.76 1417.90 0.00
122 84.22 1194.75 0.00
157 269.51 0.00 491.55
168 173.00 1700.27 346.39
179 244.99 996.19 700.64
188 168.51 476.80 663.43
200 292.86 958.04 0.73
15
1 180.40 1164.32 0.00
10 348.89 1643.59 83.69
11 123.03 808.78 1.97
24 241.57 352.16 0.87
25 315.28 585.97 0.01
36 251.71 1404.39 306.21
37 343.32 1165.23 485.62
72 89.66 1639.79 892.41
88 179.36 1895.24 46.13
106 180.31 0.36 634.27
133 278.24 635.29 771.24
149 258.07 23.23 498.77
152 270.01 0.00 0.00
154 111.04 785.02 558.23
162 0.00 339.26 470.05
14
4 91.26 244.37 0.04
13 68.85 1031.48 270.31
18 317.29 2.12 700.54
34 317.03 819.98 1.21
35 269.04 0.00 0.00
73 338.61 532.18 526.84
96 182.44 546.19 0.30
102 180.43 1360.23 1.51
123 158.18 969.30 664.93
161 228.74 307.71 782.10
170 179.53 1394.11 820.34
176 89.61 1521.27 0.00
186 15.90 1587.77 300.16
196 268.67 273.57 521.90
17
31 359.72 0.00 670.88
39 333.67 563.58 168.01
43 90.07 1758.70 210.12
78 0.41 0.02 16.11
103 335.54 825.99 199.29
104 154.95 1113.62 549.89
115 180.07 1380.24 0.00
118 93.21 458.90 458.99
121 177.30 1549.83 213.84
124 180.54 946.11 561.31
139 275.71 697.23 542.03
145 313.04 157.85 753.75
158 321.39 0.55 0.55
159 142.60 203.20 128.69
177 329.80 1196.75 428.08
198 179.52 1550.96 749.78
202 276.55 653.32 0.86
24
2 50.82 1199.40 819.43
8 21.47 888.35 542.91
9 338.59 685.50 3.08
44 50.49 1270.82 575.90
45 326.18 1419.12 0.81
68 48.08 1602.83 246.96
70 252.84 1618.46 662.15
75 0.56 514.52 648.87
87 28.83 172.83 708.41
93 1.44 389.64 0.00
108 325.97 1201.17 0.14
109 104.64 2.23 434.69
116 117.86 447.04 412.65
120 292.99 1425.27 391.40
127 90.04 753.68 442.79
143 61.46 1500.24 788.35
169 128.43 919.66 0.00
178 11.62 0.00 0.00
189 271.03 576.81 0.00
194 91.84 224.90 0.17
195 280.65 1046.69 576.80
201 213.40 1028.19 185.36
205 180.09 1731.21 933.22
208 198.19 1679.01 518.09
