33
84 270 0 0
145 360 819.423 0
114 270 1593.37 0
7 270 783.423 854.277
127 360 0 940.904
8 270 1485.89 851.277
70 270 820.423 818.438
115 180 0 867.85
183 270 226.821 296.443
221 360 457.336 193.625
189 360 35.1869 318.817
200 360 780.45 0
194 270 47.8773 0
160 270 182.962 271.65
206 360 0 324.843
190 360 0 0
179 270 122.554 632.342
159 360 396.708 271.677
92 360 577.957 188.88
96 270 124.534 258.208
153 270 695.588 0
188 270 36.0347 265.179
111 270 39.0008 607.861
125 360 297.601 337.7
112 360 729.805 0
192 270 134.694 322.44
117 360 391.609 316.737
162 360 1851.9 781.643
161 180 652.886 1076.92
37 270 0 1114.84
163 270 1449.81 1116.31
204 270 1580.37 1127.41
158 270 1728.83 1130.5
34
12 360 0 0
116 270 816.506 0
15 360 832.506 707.213
9 270 0 853.882
4 360 1650.91 0
83 360 1664.91 669.219
226 270 622.684 240.972
65 360 134.795 52.804
68 360 110.994 0
156 360 701.499 48.82
45 270 412.156 375.144
98 270 285.781 225.599
80 270 233.68 168.073
95 270 728.317 0
225 360 664.013 0
203 270 601.183 0
171 180 1120.66 50.3602
143 360 144.206 106.49
211 270 610.044 48.887
138 360 308.675 119.612
119 270 608.186 98.6924
195 360 55.058 0
93 180 1360.73 516.111
207 270 721.392 75.9428
31 270 1567.43 436.832
173 360 1063.69 0
120 360 353.145 301.549
87 270 478.621 299.144
228 270 608.641 160.29
103 90 1322.19 1010.13
154 360 679.137 854.42
90 180 772.469 1075.09
99 360 672.014 958.148
118 360 1666.46 1085.18
15
176 360 0 0
152 270 635.503 0
177 270 1349.43 0
133 270 0 762.779
46 270 849.969 828.284
122 270 1596.86 833.284
210 270 1823.26 0
170 360 0 0
227 360 146.243 0
223 180 0 530.584
151 360 75.119 620.88
128 270 0 1088.53
1 180 1234.34 1020.73
26 360 543.8 1081.16
164 90 1498.9 965.989
14
63 270 0 0
51 270 744.791 0
201 270 1218.32 0
146 270 697.791 821.169
78 270 1693.04 0
121 360 1514.86 769.159
169 270 0 917.042
157 360 622.243 0
218 90 1890.86 811.153
172 360 320.1 1103.2
216 360 652.404 1100.33
212 270 1061.41 1099.02
25 90 0 1070.44
208 180 1510.58 1098.77
9
21 360 0 0
110 360 800.71 0
109 270 1534.41 0
38 270 800.71 753.142
89 270 0 820.014
35 360 1415.53 828.42
141 270 1898.07 898.145
220 270 1226.41 974.135
32 270 739.867 1058.98
13
52 270 0 0
6 360 468.604 0
82 360 465.604 718.663
85 270 1041.88 0
199 360 1175.88 415.987
16 360 1698.85 354.987
101 270 0 870.68
224 360 1439.06 416.987
22 270 476.604 170.452
180 270 677.792 0
186 360 535.635 71.6956
182 360 469.348 0
29 90 1690.74 982.493
11
24 270 0 0
166 360 404.405 0
39 360 376.405 477.167
165 360 799.342 476.167
40 270 1516.01 0
193 270 863.944 0
61 270 1509.01 599.857
58 270 0 736.952
48 360 1325.04 0
197 270 810.342 1036.52
191 180 1846.21 812.863
9
104 360 0 0
55 270 481.507 0
50 270 0 734.818
86 270 667.51 698.824
56 360 987.538 0
17 270 1472.55 0
44 270 1092.8 675.281
47 360 1741.55 625.281
81 90 1602.88 737.797
14
79 270 0 0
49 360 316.346 0
53 360 313.346 667.802
113 270 698.656 0
54 270 975.897 537.809
62 360 1002.75 0
43 360 1678.2 0
140 270 1007.9 932.439
33 360 1002.75 362.261
91 360 0 806.073
209 360 299.346 0
198 180 309.008 832.331
130 90 1784.59 779.202
123 90 777.059 1063.98
11
27 360 0 0
3 360 0 769.343
2 360 512.893 0
28 360 834.542 0
18 270 1614.54 0
60 270 676.479 674.415
155 270 1136.3 535.418
105 270 1614.38 574.319
97 270 1130.3 995.95
222 90 0 997.94
202 360 412.364 969.537
14
59 270 0 0
11 270 313.466 0
57 360 661.127 0
10 270 954.755 0
185 270 0 917.904
181 270 1044.76 346.239
147 270 1314.36 303.239
148 360 1313.36 683.568
30 360 1761.9 340.239
69 360 701.127 0
75 180 0 448.911
67 360 1797.06 641.362
184 270 286.466 265.773
100 270 858.054 909.434
16
131 360 0 0
175 270 0 589.082
168 360 261.282 0
144 270 322.636 559.565
19 270 535.026 0
149 360 1136.8 0
135 270 646.945 252.405
132 270 1214.11 315.166
187 270 640.945 586.13
174 270 1414.42 517.13
13 360 596.945 887.538
178 360 1499.26 879.538
66 270 1792.2 0
20 360 1803.2 447.264
76 270 640.945 880.538
139 360 301.886 1001.95
12
196 360 0 0
219 360 0 387.126
71 360 357.46 0
64 360 714.89 0
14 360 0 855.376
73 360 892.257 742.775
217 360 1424.39 0
106 270 1573.39 389.109
205 270 1633.39 773.098
134 360 924.527 0
215 270 1144.53 318.719
23 90 0 973.928
22
108 360 0 0
72 360 271.145 0
88 360 0 377.771
150 270 216.039 782.293
124 360 499.463 715.293
36 270 460.813 0
42 270 536.813 340.226
41 270 755.557 293.226
34 360 904.165 695.241
129 360 757.708 0
5 270 992.131 205.364
213 360 1109.1 658.947
126 270 1128.57 0
167 360 1264.57 115.466
142 360 1386.57 480.865
107 270 1086.1 893.198
136 360 1584.57 347.865
94 360 555.053 952.951
137 360 1263.72 980.031
74 270 1804.04 0.349
77 360 1519.15 961.605
102 360 0 771.455
1
214 270 0 0
