26
14 312.74 1382.39 893.39
38 270.02 1653.17 975.45
43 270.45 0.00 0.43
45 180.00 732.42 0.00
77 181.74 1319.57 9.33
91 179.92 612.39 418.55
107 270.00 695.74 229.85
117 269.63 127.87 1152.05
123 93.89 921.08 0.28
124 270.00 1431.77 0.00
128 90.04 1861.16 0.00
158 270.00 1856.08 903.12
174 359.89 86.09 0.00
175 270.00 0.00 782.88
190 57.83 1695.81 888.10
192 270.00 0.00 1120.76
193 180.02 0.00 1062.66
203 90.00 157.31 866.92
204 83.49 676.78 79.34
222 0.00 122.09 1087.64
232 270.00 0.00 1.38
233 180.25 235.84 1145.06
234 176.14 165.23 880.67
264 90.00 1307.37 0.00
266 8.87 620.43 421.72
270 90.50 615.42 707.22
24
60 0.05 455.69 630.72
96 90.00 1279.58 1088.26
101 270.00 563.91 559.19
103 270.05 0.00 0.10
142 90.21 1898.43 0.00
148 180.00 1279.59 682.48
159 354.88 1217.63 725.88
167 352.98 1.77 736.19
169 88.39 1621.45 1089.30
170 90.00 1951.63 629.19
177 270.00 1827.00 53.27
179 0.05 522.36 442.45
185 83.63 1196.42 0.00
186 180.00 634.57 172.75
188 0.00 199.13 733.79
194 180.01 1166.70 0.00
198 270.00 683.67 0.00
205 304.40 1166.35 973.20
206 89.85 522.33 934.17
227 87.84 788.49 324.00
228 179.52 757.14 400.56
240 359.93 0.13 766.70
267 199.03 575.31 5.95
269 89.25 1900.76 326.08
19
2 264.74 1184.61 7.94
48 180.35 609.03 1048.31
90 0.16 0.00 405.92
94 90.05 1257.19 461.75
131 269.82 290.61 0.45
146 194.77 745.59 373.53
149 107.53 1264.24 511.60
157 359.41 452.11 1120.03
191 188.50 1021.40 0.25
202 87.53 0.00 1.34
211 359.66 1595.71 687.81
221 179.73 1131.78 227.00
224 89.58 538.97 0.00
230 0.05 13.66 61.28
252 0.16 999.63 329.94
253 23.60 915.94 428.63
271 0.37 1432.81 1016.05
280 272.46 757.45 645.80
281 184.91 1532.98 576.04
19
7 161.47 1112.16 351.21
10 0.04 1522.42 106.17
11 180.00 1593.25 0.00
15 307.51 372.19 863.87
16 334.54 1739.43 822.67
35 0.47 301.88 0.04
58 113.84 1747.13 0.00
76 127.69 0.00 218.28
100 270.13 0.00 347.69
112 90.42 867.05 0.00
122 270.03 983.50 402.31
176 87.89 1235.61 0.22
184 0.00 0.00 1102.65
187 270.00 246.69 0.00
195 270.20 1165.61 399.84
197 297.63 436.11 350.85
226 91.45 563.85 399.33
262 160.50 0.69 2.07
282 180.03 1168.74 724.83
14
57 277.43 1625.14 299.88
75 99.44 529.12 0.03
86 89.92 0.00 3.70
87 359.28 549.91 873.12
98 177.02 1932.26 538.99
102 220.78 2.36 428.36
105 120.62 2.88 713.48
143 180.30 1181.76 528.64
156 270.03 264.74 1042.20
161 0.05 1489.44 32.12
173 45.35 1222.70 752.83
196 53.39 1019.62 2.86
261 89.94 1307.06 0.00
265 211.89 476.69 152.47
10
6 199.91 863.60 0.03
20 319.21 540.91 0.00
36 196.25 993.27 543.29
85 180.16 0.00 442.09
140 5.09 1527.51 0.00
162 193.86 1.04 1.48
171 305.53 818.76 447.60
172 243.98 539.63 618.21
247 298.54 554.07 311.63
248 90.36 1822.33 735.94
15
25 182.59 171.49 573.57
51 277.05 1490.11 552.64
70 179.88 1381.55 779.12
97 65.91 94.67 437.08
109 269.51 0.02 387.00
115 354.51 620.90 666.36
116 180.00 723.68 0.00
133 90.00 1269.15 339.28
155 95.83 1200.40 0.21
168 69.79 350.26 945.85
216 269.93 181.46 0.00
242 180.16 1703.06 84.26
277 277.53 1047.92 496.89
286 69.61 0.95 0.03
287 352.97 1724.40 0.55
12
32 280.36 299.77 384.26
34 180.00 565.03 166.54
39 270.05 1156.65 715.94
42 269.43 476.14 478.01
49 0.05 0.00 534.25
61 135.79 849.65 706.83
137 294.56 434.32 3.49
200 179.65 1163.72 473.29
201 180.00 0.00 0.00
229 269.49 817.21 0.00
274 269.95 1740.94 210.20
284 180.07 1565.33 9.70
12
3 270.00 1057.43 0.00
9 180.00 513.54 0.00
12 334.88 1607.70 116.04
29 266.63 1375.20 60.85
33 179.46 0.00 861.90
106 195.40 0.00 3.09
127 66.09 1707.26 856.35
134 89.06 109.81 427.76
160 21.45 1179.41 600.23
183 270.69 1319.93 0.36
217 268.93 812.81 195.29
219 89.71 309.88 903.44
13
52 169.00 1394.19 2.60
67 180.67 0.00 0.06
78 124.92 706.27 538.63
82 181.44 920.75 0.47
129 156.49 44.62 417.48
138 168.50 1352.56 394.42
153 0.70 495.32 0.16
164 337.66 0.00 729.47
182 0.12 425.41 997.81
214 347.75 538.44 268.14
260 65.74 1095.48 233.78
268 277.95 1104.23 971.09
276 270.15 1568.57 907.79
14
13 192.44 210.88 385.97
17 311.31 1465.07 373.73
59 90.02 0.00 0.00
64 50.51 1205.71 557.24
89 88.29 351.15 0.01
95 89.93 1066.75 0.00
119 57.00 897.53 49.20
130 34.33 601.71 318.39
139 32.89 999.37 564.72
145 75.61 0.06 778.59
163 64.30 338.59 4.24
241 90.15 1445.45 0.00
249 354.38 1308.25 887.11
250 359.49 546.51 1050.13
16
22 136.90 1684.88 52.92
23 108.29 623.85 394.23
44 197.49 496.08 0.00
46 168.12 921.38 169.92
47 51.90 847.33 49.91
55 150.83 1158.49 439.84
63 229.03 641.47 942.86
69 97.22 805.27 1038.57
83 192.96 1.94 498.46
84 46.58 1037.09 50.16
144 190.47 906.42 528.60
150 269.66 418.86 180.99
151 114.49 711.43 534.82
152 90.05 0.00 0.12
189 270.00 1577.75 43.98
263 90.11 1576.76 715.09
12
5 0.03 1434.79 0.00
26 88.53 128.46 1039.92
111 331.68 909.15 573.74
113 128.93 635.60 69.58
135 167.28 0.00 687.43
181 90.05 0.00 0.01
212 184.39 1478.89 493.43
215 128.59 337.46 505.42
246 169.44 1264.91 288.80
258 45.68 323.93 0.25
259 0.12 1615.12 323.33
285 90.04 998.44 245.26
11
8 101.67 15.84 703.87
37 308.51 524.16 0.38
50 347.37 1398.64 469.64
54 270.66 0.27 0.00
68 20.25 914.10 37.73
110 109.21 1034.63 524.98
165 0.64 0.00 930.22
231 348.07 1577.56 788.54
238 84.37 1334.65 0.91
244 10.37 227.17 1.37
257 1.40 758.09 467.07
12
1 69.65 904.51 391.93
53 54.61 1490.78 622.45
56 180.02 0.00 679.70
147 202.87 1394.77 0.00
207 9.06 603.12 564.04
208 334.52 230.78 294.24
210 91.02 791.48 0.00
213 100.50 0.00 1.23
225 89.92 1116.27 0.00
235 0.13 1654.91 20.10
236 91.29 437.02 0.00
256 267.69 943.66 616.88
13
18 28.99 0.34 466.76
24 321.77 774.25 696.84
41 0.05 0.00 0.10
65 231.45 1067.69 0.50
121 88.95 142.82 103.18
220 11.94 1157.33 224.44
223 279.90 1281.58 568.93
237 257.53 583.11 0.19
239 112.81 183.02 429.61
255 217.07 902.25 3.63
273 105.90 495.15 626.59
275 359.94 1601.80 0.00
279 359.95 1640.92 577.75
15
21 170.64 1191.20 178.48
30 158.49 246.30 455.42
66 100.68 1547.52 0.96
74 215.85 1076.67 0.82
88 269.46 469.79 490.28
92 216.24 75.12 0.62
93 247.60 72.85 580.72
108 152.96 711.80 1.31
120 298.05 1123.61 557.79
141 24.79 566.34 756.14
166 179.46 0.00 107.42
178 241.28 1529.15 290.53
209 180.02 958.71 898.82
245 288.14 1541.08 682.48
272 279.49 370.23 76.41
18
4 90.00 463.67 741.40
31 99.20 776.13 615.51
40 23.55 1358.12 517.95
72 105.82 1663.06 422.84
73 279.90 1587.15 0.00
79 292.10 1097.75 360.01
80 71.98 215.19 0.79
81 120.06 3.65 430.05
114 172.24 854.89 3.53
125 167.33 439.28 0.02
126 273.30 0.00 0.50
132 2.59 625.12 0.00
136 295.86 149.46 500.72
154 269.76 1277.99 942.97
218 303.00 1665.39 29.73
251 19.34 1290.72 23.14
278 89.45 1103.44 0.06
283 79.12 990.91 495.84
12
19 243.34 608.15 0.03
27 238.72 630.31 475.60
28 38.07 478.31 85.03
62 180.33 795.63 353.47
71 271.44 0.00 0.00
99 85.08 172.55 649.34
104 288.91 0.54 636.22
118 167.32 115.22 29.64
180 321.41 324.59 0.58
199 253.18 160.12 400.29
243 18.96 214.07 731.62
254 90.00 475.66 943.77
