37
112 360 0 0
109 360 554.185 0
14 360 1110.73 0
2 270 0 655.191
4 270 664.258 661.191
15 270 1367.99 616.533
48 270 1701.92 0
81 270 1597.13 0
126 360 1474.02 166.515
61 270 1645.42 1052.43
117 180 726.026 487.845
110 360 821.748 323.508
100 180 732.741 321.459
96 270 0 215.774
119 90 771.142 426.321
106 270 42.6839 70.5188
111 360 827.792 236.773
93 360 0 51.9368
62 270 646.43 450.879
59 360 166.69 88.158
137 360 253.181 0
85 270 276.771 37.5264
67 360 158.766 0
99 270 95.718 0
68 360 337.559 0
102 360 43.5227 0
130 360 0 0
25 360 1853.31 479.935
139 360 694.258 661.191
98 270 846.884 470.297
135 360 757.204 256.485
131 360 189.566 17.19
101 270 106.966 68.568
125 270 1428.26 0
124 180 1781.33 750.363
140 270 0 981.393
128 180 458.886 1002.27
14
12 270 0 0
3 360 410.483 0
71 270 822.554 0
21 360 0 781.215
65 270 751.101 574.531
18 270 1396.09 0
64 360 1407.09 386.801
47 360 1803.63 385.801
123 360 911.092 979.77
79 360 0 620.8
13 360 1569.12 816.893
70 360 0 854.041
105 360 781.977 807.88
134 180 1371.27 982.349
16
80 270 0 0
138 270 0 626.938
30 270 362.951 0
19 360 662.244 470.567
95 360 684.058 0
132 270 1251.71 0
10 270 1260.71 365.022
23 270 990.225 636.403
69 360 1349.09 737.403
24 270 0 928.414
17 270 1729.97 0
33 360 990.225 389.246
50 270 496.642 986.242
57 270 253.951 454.567
8 360 948.561 1036.5
45 180 1193.56 1055.13
22
29 360 0 0
121 360 0 432.579
78 360 309.058 427.579
82 360 190.058 810.394
16 360 315.137 0
5 360 637.107 315.188
122 270 691.601 621.152
116 360 1014.97 635.152
26 360 1376.6 0
87 360 1150.25 307.254
88 360 828.567 0
77 270 1472.12 251.254
127 270 1334.12 516.129
84 270 1332.6 835.133
11 270 1203.44 0
66 360 1008.97 998.1
73 360 1802.24 0
75 360 1811.53 256.307
44 270 709.601 639.152
41 270 1782.62 794.133
89 270 1754.07 953.897
51 180 541.36 774.719
30
94 270 0 0
86 360 0 503.152
34 270 0 857.005
52 360 247.308 867.005
55 360 159.914 0
113 270 226.439 363.509
32 360 443.616 0
104 270 535.268 246.422
40 360 676.946 0
7 270 521.268 530.524
90 270 777.102 225.176
1 360 1051.74 0
53 270 774.175 794.826
35 270 840.337 492.516
49 270 1443.62 0
36 360 1026.47 212.292
39 270 1137.58 721.171
37 360 1177.5 450.109
31 270 1371.41 174.292
9 270 1636.29 171.407
120 360 1666.29 421.083
38 270 1561.86 633.014
114 270 1348.04 841.185
6 270 1584.35 840.185
56 270 201.439 662.954
20 270 1368.04 657.94
76 360 555.952 787.005
72 360 745.904 1017.8
22 270 1821.56 769.906
103 360 1151.77 1020.94
22
108 270 0 0
28 360 0 372.962
118 360 157.056 0
97 360 0 656.867
115 360 0 908.398
46 360 192.909 888.398
91 270 215.304 247.071
43 270 362.821 0
54 270 198.543 438.485
27 270 194.543 635.508
141 270 426.946 238.18
74 270 531.996 0
58 270 423.554 395.299
129 270 461.631 547.855
133 270 673.176 184.73
136 360 716.118 0
107 270 482.631 778.709
83 270 483.614 889.345
63 360 657.234 501.855
92 270 692.557 346.01
42 360 606.52 871.345
60 360 727.446 716.58
