24
11 166.22 1212.75 0.11
18 180.00 0.00 257.60
22 180.03 920.33 0.00
45 270.04 768.07 982.42
46 270.00 53.78 191.62
50 92.06 1041.88 232.86
65 270.23 586.36 0.00
73 90.18 705.66 719.58
82 0.00 177.22 236.34
99 270.00 458.51 0.00
109 183.43 0.00 1.32
114 357.60 815.75 755.46
119 90.05 0.00 78.00
126 247.20 322.90 927.95
131 182.51 1473.57 629.26
145 180.05 550.11 158.72
146 180.05 1689.09 0.00
155 96.98 577.50 0.76
158 180.00 903.01 1083.60
161 180.04 0.00 264.31
166 270.00 574.26 585.99
167 94.22 555.94 649.33
173 0.01 775.09 931.49
180 170.16 1396.53 434.01
19
5 90.11 383.90 0.00
6 269.98 1327.91 762.10
12 356.67 614.28 989.83
28 270.00 407.52 701.13
29 90.00 1165.92 878.08
40 144.00 1650.37 847.21
49 80.68 17.57 837.08
67 275.50 1052.91 0.00
70 162.86 0.59 772.05
71 4.42 1024.23 1.57
78 357.92 1514.27 0.01
87 133.79 581.50 129.16
91 179.65 1733.61 254.47
156 0.04 650.05 9.06
163 270.03 0.00 0.00
171 89.19 644.30 0.00
175 0.09 1874.46 0.00
177 112.75 1100.89 261.66
182 237.33 205.15 83.57
10
2 270.02 627.32 0.00
52 191.83 83.68 0.65
58 270.05 1068.16 566.24
63 13.40 829.78 0.16
84 0.00 0.00 257.71
136 202.50 1778.52 282.38
138 71.76 389.52 139.74
140 180.02 0.00 21.63
144 87.79 990.40 548.57
178 197.01 1425.26 0.00
11
7 90.17 0.00 0.00
35 274.00 1125.91 5.06
36 151.88 863.95 878.80
48 201.21 626.25 759.05
59 90.00 0.00 764.32
94 82.78 1076.60 0.44
96 331.92 550.90 0.00
115 359.65 1832.03 245.52
125 273.89 1304.28 493.13
150 270.05 322.60 0.00
185 180.00 1657.33 904.05
8
8 168.96 776.27 524.58
60 180.05 0.00 207.56
98 180.05 0.00 0.44
113 226.29 1527.87 699.36
122 184.28 1253.77 0.36
127 313.27 272.73 526.64
159 7.43 108.12 300.65
168 274.75 584.20 0.95
11
56 137.71 814.96 0.96
76 174.55 1229.85 550.55
80 137.16 988.72 164.42
93 90.04 0.00 0.01
103 269.30 1434.12 89.28
123 51.01 539.01 86.02
142 140.99 463.45 600.49
143 270.00 1758.80 421.14
147 0.04 1377.89 0.00
149 285.16 0.52 625.49
162 0.01 1198.39 681.50
12
9 51.99 1476.94 0.00
15 188.08 1162.97 1000.31
24 181.86 801.83 0.00
26 270.03 0.00 722.10
54 251.59 1425.79 524.58
61 88.90 176.60 0.00
79 8.08 1159.39 497.84
107 68.43 792.10 258.72
116 270.00 341.53 924.05
135 165.05 1260.75 195.25
148 180.00 0.00 481.20
154 270.04 0.00 41.99
12
1 298.80 793.13 597.52
33 100.81 0.96 0.90
34 359.57 1493.51 0.00
43 228.08 1017.53 28.64
77 269.87 1743.26 706.59
88 269.24 0.04 850.05
92 0.05 79.32 589.32
124 270.00 796.38 542.49
129 270.03 773.67 1002.16
139 247.50 339.05 6.89
157 210.78 853.46 188.19
176 343.33 483.54 2.15
13
13 183.41 38.04 235.09
37 75.55 313.77 970.61
38 63.27 1551.22 0.96
64 272.94 1569.72 205.66
72 357.35 678.54 0.02
85 64.44 895.67 1.51
100 1.09 1146.12 0.37
101 209.92 441.70 452.75
110 202.98 1463.52 645.30
111 107.07 0.03 0.19
117 259.65 0.04 390.73
169 69.04 1118.66 801.78
184 220.12 1121.62 461.57
10
39 130.34 575.69 611.29
69 98.06 914.13 691.72
86 270.00 1675.04 67.03
108 219.81 824.94 4.28
120 68.41 66.00 0.00
130 43.16 1264.06 536.28
132 296.28 585.72 6.34
134 0.21 274.06 830.65
152 359.47 0.00 200.98
183 293.25 1475.97 6.35
10
3 116.37 1049.96 628.43
14 181.78 545.87 828.85
55 90.05 696.57 0.00
62 168.89 285.85 0.18
74 214.52 1489.96 1.30
97 239.45 4.30 631.61
104 342.50 1176.35 331.48
133 90.00 1569.34 547.62
151 132.03 1007.84 0.13
174 0.05 0.00 0.00
9
4 186.14 0.02 2.82
30 22.73 0.00 435.21
51 90.04 1601.06 406.24
105 306.40 182.80 114.53
118 201.14 707.27 0.00
128 190.87 1034.45 152.15
137 180.05 482.56 571.78
164 81.72 1164.48 88.19
170 226.45 1276.10 3.12
9
10 85.22 0.30 637.17
16 7.17 695.14 540.07
19 87.54 486.79 122.19
23 184.34 701.52 840.00
27 270.05 1427.91 0.00
41 134.32 851.97 0.33
44 140.09 0.28 1.23
102 337.10 304.72 227.46
172 183.86 1290.46 227.97
11
17 359.54 0.07 0.00
20 89.67 1026.10 0.02
21 180.29 828.27 609.51
32 309.50 215.31 172.69
57 253.15 1364.42 537.34
68 89.49 692.51 0.00
75 359.71 348.33 967.77
83 39.60 2.54 486.34
90 180.00 1205.55 499.74
112 180.10 1728.82 212.10
179 93.90 1396.46 0.53
15
25 72.81 1604.43 261.74
31 174.76 1102.23 220.83
42 92.46 627.01 288.54
47 90.00 1539.75 872.96
53 93.03 1309.77 661.86
66 216.45 122.10 131.42
81 90.00 994.28 423.92
89 89.45 491.71 797.41
95 105.18 2.50 491.42
106 104.59 345.16 542.40
121 90.04 323.53 0.00
141 275.37 1464.72 361.22
153 133.01 1430.51 2.40
160 90.00 994.33 0.00
165 251.71 0.00 4.76
1
181 0.04 0.00 0.00
