28
29 360 0 0
28 270 927.351 0
53 270 0 960.208
52 270 770.207 954.208
22 270 1489.29 875.505
111 180 684.5 847.576
98 360 1344.08 0
116 270 60.4806 323.25
92 270 57.9036 207.148
100 180 0 659.361
120 270 0 167.868
122 270 0 110.661
94 180 0 635.095
99 360 41.0658 0
126 270 18.3256 36.5005
57 270 0 0
110 270 0 590.988
102 270 0 545.748
49 270 217.711 512.21
48 360 122.459 485.305
45 360 18.702 485.896
44 360 233.479 453.166
12 270 143.424 274.128
11 270 157.562 420.579
75 360 80.656 0
97 270 0 402.793
96 270 210.142 334.566
121 360 0 269.262
8
80 270 0 0
40 360 738.949 0
42 360 1175.28 0
43 270 1611.65 0
93 270 0 830.642
82 270 598.114 872.839
81 270 1132.65 872.839
73 360 1663.44 870.839
24
84 360 0 0
35 270 844.885 0
114 270 652.885 688.599
109 270 1757.36 0
56 270 1631.39 759.599
21 360 0 912.436
39 360 0 682.959
10 360 0 249.413
90 360 588.207 656.302
4 270 1253.77 0
112 270 638.694 405.161
85 360 692.832 168.976
9 270 1332.69 601.857
86 180 0 542.48
124 270 1426.83 814.599
89 360 0 83.154
38 270 1000.21 0
118 270 716.388 607.132
3 360 444.886 912.701
115 360 661.716 1032.94
103 360 1402.99 1017.89
72 360 1032.94 1032.69
70 360 1842.6 933.185
71 180 0 928.358
9
108 360 0 0
55 360 632.418 0
79 270 1050.77 0
88 270 1073.77 619.757
104 270 0 762.499
23 360 549.427 912.303
119 270 1760.28 657.757
15 360 985.611 998.573
125 270 494.71 1027.83
13
1 360 0 0
87 360 766.988 0
6 270 1202.76 0
65 270 1156.76 615.038
33 360 722.989 871.69
91 270 0 442.408
113 270 0 912.455
54 180 1717.67 0
95 360 624.744 361.106
78 360 466.521 912.455
117 360 294.078 0
101 360 1794.38 528.799
46 270 1759.07 859.82
11
8 360 0 0
68 270 507.883 0
25 360 897.049 0
14 270 1001.05 419.436
30 360 1477.14 338.436
7 360 0 794.38
62 270 527.223 833.842
77 360 223.621 0
41 270 1492.8 878.384
69 90 895.708 901.628
76 180 481.607 958.499
10
13 360 0 0
26 360 0 589.636
66 360 509.986 0
31 270 940.356 563.556
27 270 1411.05 0
61 360 1387.05 581.896
20 270 979.893 0
16 270 963.893 422.113
47 360 195.903 976.646
74 360 746.398 922.07
11
67 360 0 0
24 270 189.548 0
59 270 373.548 540.491
19 360 826.545 585.491
105 360 669.374 0
51 270 964.461 0
50 360 1200.46 361.468
64 360 1251.99 887.143
83 270 0 671.391
58 90 1579.51 478.889
32 180 148.085 849.467
12
18 360 0 0
5 360 0 453.049
123 360 292.274 311.049
2 360 378.362 0
36 360 648.116 312.58
34 270 744.442 0
37 360 640.116 707.631
106 270 1020.81 217.444
17 270 1060.46 647.604
60 360 1188.97 0
107 270 1303.97 424.205
63 270 1439.28 524.247
