22
15 360 0 0
35 270 1207.22 0
37 360 0 728.762
65 360 1780.94 0
50 360 1807.94 285.752
2 270 1811.94 459.849
55 270 1778.94 795.067
25 270 0 1067.3
23 270 222.337 1064.3
30 270 1571.43 0
54 270 776.065 0
49 360 1206.22 0
57 360 709.99 0
44 360 460.626 0
36 180 231.32 0
53 360 175.217 0
45 360 112.996 0
59 360 41.5567 0
42 360 0 0
1 180 481.872 1042.3
34 360 848.524 1069.18
31 360 1747.31 952.114
12
6 360 0 0
48 360 0 577.846
18 270 1185.26 0
51 360 1662.22 0
43 270 1669.22 635.729
56 360 0 918.66
58 270 404.933 918.66
66 360 751.775 916.66
28 270 1491.17 362.367
62 270 975.528 930.839
8 270 1239.45 1031.28
24 360 271.013 1036.38
7
10 360 0 0
22 270 1206.45 0
20 270 0 339.745
7 360 0 818.801
9 270 1181.45 589.758
29 270 1672.31 184.49
47 270 1354.4 844.182
6
21 270 0 0
16 270 380.326 0
19 270 977.392 0
32 270 1420.91 0
63 270 1673.69 814.03
64 360 0 878.478
6
27 360 0 0
26 270 410.394 0
5 270 806.841 0
4 270 883.841 483.811
39 360 431.394 800.404
41 360 0 842.134
6
3 360 0 0
33 270 467.179 0
40 360 758.411 0
17 270 1359.42 0
52 360 738.411 595.026
38 270 1405.2 680.026
5
46 360 0 0
11 360 338.339 0
14 360 832.236 0
12 270 907.236 451.051
61 360 0 762.029
2
13 360 0 0
60 360 430.967 0
