34
22 360 0 0
21 270 0 473.166
23 270 222.834 462.166
29 270 235.453 0
5 270 167.834 918.916
24 270 225.453 208.312
17 270 445.826 406.886
8 270 619.045 379.886
14 360 703.795 207.312
11 360 648.785 784.184
10 270 732.301 0
9 360 791.46 358.58
18 270 856.968 752.484
13 270 938.843 334.58
12 270 1058.28 0
2 270 1073.96 344.871
3 270 1070.96 640.241
7 270 1147.89 342.871
6 360 987.955 702.802
19 270 408.826 821.184
25 360 0 957.818
26 270 552.893 785.184
34 360 0 1073.04
1 270 103.246 912.818
4 270 1150.12 0
16 360 1166.12 135.415
15 270 1224.51 0
20 360 1218.22 295.385
32 360 1260.5 151.839
31 270 1208.22 443.194
27 270 714.301 79.936
28 270 159.834 414.166
30 270 0 489.166
33 270 0 0
