27
5 270 0 0
16 360 0 638.745
20 270 187.085 0
8 270 355.93 0
12 360 0 825.849
1 270 134.347 825.849
3 360 273.247 825.849
6 360 415.062 825.849
2 270 518.305 825.849
18 270 498.305 921.357
4 360 521.305 1019.66
22 270 835.295 870.357
7 360 840.295 973.414
13 270 0 1036.29
10 360 522.699 0
17 270 520.699 346.555
19 360 607.475 309.555
23 360 612.601 0
21 270 637.49 577.661
24 270 638.49 663.457
11 270 874.338 782.407
9 270 886.556 698.457
14 270 687.442 136.56
15 270 689.442 477.873
27 270 888.788 521.872
25 270 347.655 1041.5
26 270 510.305 1109.74
