27
3 360 0 0
7 270 475.965 0
4 360 1136 0
5 360 1567.94 0
18 360 0 822.334
16 360 509.69 802.613
72 270 1104.77 890.135
12 360 1606.23 864.135
64 180 390.309 576.312
51 360 867.239 489.498
66 270 599.528 0
97 360 421.856 533.831
47 270 635.936 62.854
65 270 783.099 621.793
83 360 0 728.64
48 360 965.455 308.7
81 360 493.696 0
30 270 1011.62 380.692
85 360 0 669.192
84 360 925.545 426.144
86 270 475.965 154.388
37 270 1056.88 167.296
60 180 992.581 983.35
44 360 1419.65 1090.08
27 270 578.848 1086.52
80 360 740.755 1108.66
35 270 0 1114.41
32
6 270 0 0
68 270 662.557 0
67 360 1228.53 0
78 360 0 795.524
79 360 432.15 822.524
70 360 938.253 821.524
9 360 1593.05 767.524
75 270 1009.85 0
50 360 443.767 226.222
49 360 316.738 0
76 360 1617.54 394.692
55 360 1374.4 0
58 270 510.606 0
56 360 1561.31 594.9
99 360 1735.92 511.507
57 360 1790.92 0
100 270 1093.08 410.253
40 270 796.251 545.115
91 270 867.819 0
92 360 527.112 462.854
71 270 757.924 448.364
20 360 231.766 0
31 270 74.6279 719.122
15 180 324.387 709.88
24 360 216.098 705.231
82 270 353.748 220.262
61 360 934.553 981.312
46 360 1368.92 1081.73
38 360 1714.65 1081.72
63 360 0 1102.45
14 360 1150.59 1039.76
32 270 255.979 1101.38
22
94 360 0 0
93 270 0 656.477
13 360 488.542 0
21 270 588.733 484.107
17 270 1000.44 0
69 270 1037.7 466.646
88 360 1384.81 0
87 360 1378.43 479.983
73 270 1371.43 877.525
43 360 1783.55 0
98 270 1228.33 853.168
62 180 134.514 660.477
41 360 0 443.049
39 270 0 252.546
59 360 1338.43 619.349
19 360 0 126.147
26 360 433.322 825.089
45 270 1460.6 328.93
52 360 1383.81 256.524
54 270 370.63 785.477
25 270 318.972 729.746
42 360 620.596 941.303
13
22 360 0 0
23 360 0 441.215
1 360 0 854.528
2 360 1457.81 0
36 360 1695.92 0
33 360 1652.92 331.359
34 360 1710.92 688.515
89 360 542.402 0
10 270 561.021 649.082
90 270 1225.71 443.215
53 270 777.336 0
96 360 1019.16 751.533
11 360 1297.26 894.419
6
95 270 0 0
8 270 0 391.624
28 270 267.927 0
29 270 0 741.85
74 270 313.521 225.405
77 270 441.846 490.405
