33
12 270 0 0
13 360 544.713 0
9 360 1059.18 0
8 270 1064.18 318.845
10 360 1335.71 282.845
11 360 0 671.204
40 360 1681.58 266.845
17 270 717.343 664.746
16 360 718.343 911.287
21 270 1635.59 794.62
39 270 0 916.922
32 270 159.711 953.922
35 270 465.797 974.922
42 270 1030.18 720.221
43 180 939.289 0
7 270 1544.38 0
19 270 389.257 568.248
20 180 335.073 221.81
23 270 348.644 121.716
22 360 922.036 361.115
27 270 1008.2 0
3 360 292.35 99.087
1 270 551.713 0
36 270 0 0
26 270 902.089 319.425
30 270 0 452.531
31 270 399.959 295.389
2 360 371.79 176.682
38 180 1024.51 985.996
25 360 1784.63 921.787
28 360 1256.09 1044.72
37 360 650.262 1030.43
6 270 1481.14 1050.83
10
41 360 0 0
18 360 0 563.81
4 270 0 870.528
5 270 230.656 515.81
15 270 271.179 0
14 360 488.315 0
24 360 370.463 709.592
29 360 385.463 991.678
34 360 527.774 670.592
33 270 613.717 848.742
