20
114 270 0 0
111 270 574.781 0
69 360 0 613.329
70 360 705.174 613.329
146 360 1145.91 0
33 270 1405.37 612.243
31 270 1643.78 0
46 360 1360.37 1075.37
105 360 60.6726 0
104 270 0 0
35 360 884.38 1087
19 180 368.818 1060.76
27 90 136.541 1059.57
94 360 650.086 1070.5
97 90 0 1082.78
118 90 1957.62 1032.65
86 180 831.924 1086.71
131 270 1315.05 1116.44
125 270 532.107 1121.04
95 360 578.092 1135.37
40
15 360 0 0
36 360 0 537.363
56 270 402.556 538.363
48 270 499.883 0
30 360 1096.91 0
61 270 1179.91 316.765
39 360 1016.71 717.827
16 360 402.556 889.255
115 360 1703.44 696.827
62 360 1804.67 0
47 270 1013.77 1036.67
126 360 530.883 351.085
133 360 869.389 351.085
18 270 533.883 0
53 270 1179.91 319.765
119 360 157.253 403.507
151 180 341.909 609.927
155 360 0 403.868
78 360 449.775 49.0894
101 360 374.228 47.808
162 270 435.914 0
124 360 364.811 0
132 270 372.365 166.89
156 360 0 0
37 270 1625.9 319.765
161 270 402.556 538.363
160 180 252.999 1079.81
103 270 250.525 413.88
140 360 1639.53 412.472
152 180 905.451 534.363
158 270 310.581 535.363
96 360 238.203 537.363
136 270 470.91 105.245
77 270 287.424 477.207
154 180 380.978 110.918
141 270 1808.24 570.828
147 360 400.712 1053.22
26 270 1574.37 1053.95
75 360 769.498 1089.39
79 360 0 1112.63
19
57 270 0 0
67 360 0 508.379
66 360 414.691 480.379
65 270 449.477 0
142 360 777.607 444.097
110 360 852.374 0
45 270 1528.72 0
32 270 788.607 768.838
8 360 1558.72 516.595
6 360 1270.25 0
59 360 1400.48 938.972
113 360 0 1073.59
76 270 312.442 291.379
73 270 361.285 477.379
93 360 257.818 511.379
144 270 465.275 278.133
17 90 481.868 975.062
87 270 1799.3 910.606
1 360 355.058 847.934
22
22 360 0 0
99 270 0 397.446
122 270 361.043 436.446
21 270 423.547 0
112 360 0 834.846
44 360 561.99 851.15
58 360 712.229 345.422
34 360 847.11 0
42 360 1066.75 311.889
98 360 1460.2 0
20 270 1597.61 312.082
123 270 1068.16 606.596
107 360 1422.2 703.596
63 360 1387.2 999.909
106 270 1170.49 130.582
52 360 209.555 0
81 270 1865.25 0
13 180 469.698 971.733
149 360 1124.7 913.748
11 360 1709.08 991.863
148 90 0 1038.75
25 360 1019.19 1076.24
26
117 270 0 0
108 270 0 484.149
109 270 235.9 520.149
116 270 278.56 0
89 360 468.592 467.078
130 360 458.592 799.086
5 270 541.696 0
7 360 813.788 392.728
43 270 814.683 640.695
60 360 828.772 0
91 270 1025.44 0
127 270 1047.1 648.695
23 270 1266.1 345.799
40 270 1243.97 568.422
100 360 1476 543.422
71 360 1366.12 0
28 360 1630.98 0
82 270 1715.37 299.108
64 270 1806.07 580.456
24 270 333.713 0
38 360 299.387 510.149
102 180 1560.91 948.525
128 90 0 920.91
12 180 1298.01 971.428
143 180 677.406 1065.24
145 180 1048.49 1043.41
35
41 270 0 0
29 270 0 456.491
72 270 0 762.141
120 360 280.935 762.141
139 360 246.171 0
88 270 292.491 343.378
90 270 439.926 464.372
49 270 564.894 0
50 360 658.886 548.873
51 270 751.996 0
92 270 755.996 352.218
129 360 950.453 0
150 360 811.28 549.785
84 270 852.28 854.514
83 270 1069.56 804.514
74 360 1126.29 306.209
85 360 1063.29 563.488
68 360 1267.14 752.637
4 360 1522.67 0
14 360 1316.15 535.488
159 270 1574.68 168.573
137 360 1377.14 129.573
2 360 1640.68 306.82
153 360 1367.14 326.897
121 360 1169.86 0
134 360 1611.68 421.138
10 360 1617.68 608.878
54 360 1481.67 757.17
9 270 1678.87 792.17
135 360 1618.87 966.813
80 360 444.523 0
157 360 1350.66 0
55 270 493.465 865.799
3 360 1191.41 1043.91
138 180 1860.26 915.082
