18
173 270 0 0
90 270 930.961 0
33 360 923.961 912.74
41 270 0 1006.67
69 360 1899.49 0
157 270 1365.22 97.2848
151 360 1197.84 0
148 270 1167.27 0
16 270 17.7883 0
13 270 0 0
180 360 1844.82 912.74
160 360 1299.31 46.1839
163 270 930.961 912.74
159 360 1047.86 1090.01
158 360 1451.49 1117.61
161 360 1878.47 1067.28
172 270 0 1142.96
155 360 1282.17 1097.08
11
129 270 0 0
124 360 931.101 0
34 270 931.101 866.556
38 270 0 1006.41
40 360 1937.57 0
121 270 109.019 658.146
164 360 338.515 78.1505
154 360 189.608 687.232
99 360 1916.49 901.015
71 270 1775.15 1110.68
76 270 1673.5 1115.99
9
7 270 0 0
8 270 899.366 0
131 270 0 907.557
98 270 953.189 907.557
94 270 1823.17 0
181 360 676.602 0
139 270 775.556 109.202
141 360 1604.79 1057.44
103 360 732.191 1077.98
8
5 360 0 0
107 270 826.81 0
91 270 837.81 810.004
97 360 1734.08 0
18 360 0 904.225
183 360 1750.08 749.322
66 360 0 1109
73 90 1760.98 995.134
8
6 270 0 0
77 270 794.996 0
81 360 1663.81 0
19 360 0 907.632
42 270 744.591 1006.39
10 270 0 1108.51
27 270 912.036 1108.51
59 180 1855.58 948.267
9
137 270 0 0
106 360 876.518 0
123 270 900.518 725.005
136 270 0 912.68
146 270 1781.86 0
26 270 0 1104.58
58 360 676.665 406.272
54 270 912.036 1100.98
65 360 1922.23 504.017
9
110 360 0 0
75 360 685.403 0
88 360 1553.77 0
96 360 0 953.986
126 270 703.403 0
165 270 917.648 953.986
11 270 0 1087.98
150 360 1539.77 912.266
39 270 912.039 1108.35
13
130 270 0 0
44 270 574.477 0
78 360 1220.92 0
29 360 571.477 912.432
178 270 1854.12 0
122 270 957.179 1006.26
149 360 1805.12 502.632
153 270 574.477 0
100 270 1220.92 443.758
80 270 0 1006.26
108 360 723.773 1063.07
140 180 1896.5 777.979
184 90 0 1039.92
11
133 360 0 0
12 360 507.153 0
45 360 1044.74 0
119 270 1122.74 912.442
113 360 0 912.409
64 270 0 1106.01
63 360 1735.87 0
143 270 1701.28 768.442
156 360 1797.44 0
72 180 1586.29 381.689
145 180 1734.52 952.763
9
134 270 0 0
79 360 584.878 0
30 270 1217.3 0
95 360 0 912.274
142 360 416.85 1006.24
4 360 794.354 1006.24
3 270 1185.22 970.24
175 270 1689.85 0
182 360 1701.82 713.337
8
84 360 0 0
125 270 728.555 0
170 270 1541.37 0
167 360 1578.37 770.567
118 270 1127.02 0
144 270 1374.67 0
47 180 180.233 636.415
112 90 1796.86 691.149
6
85 360 0 0
171 360 563.751 0
35 360 1418.9 0
43 360 1100.09 205.915
116 270 1432.27 757.284
46 90 170.578 893.065
5
138 360 0 0
87 360 540.714 0
132 360 1041.26 0
89 360 1571.68 0
53 270 528.271 885.787
5
174 270 0 0
135 360 512.988 0
9 270 932.265 0
92 360 932.265 601.633
152 90 755.257 874.07
5
82 270 0 0
62 270 631.158 0
61 360 1219.12 0
67 360 1219.12 587.86
31 360 623.158 611.887
5
166 270 0 0
117 270 573.153 0
51 270 1141.31 0
50 270 1556.74 0
169 360 510.153 606.475
5
68 270 0 0
32 360 0 606.408
25 360 563.13 0
14 270 1003.13 308.203
176 270 1599.91 301.203
6
83 360 0 0
74 360 413.491 0
86 270 869.036 0
55 360 733.036 446.043
2 270 1529.43 439.043
179 360 896.685 870.108
6
22 360 0 0
36 360 1302.77 0
60 270 0 357.88
128 360 453.357 362.88
15 270 520.357 844.183
70 360 1676.1 0.478
6
48 360 0 0
49 360 0 285.879
37 360 0 571.556
114 270 910.041 568.556
127 270 1318.98 0
162 90 1633.18 725.701
5
111 270 0 0
147 270 0 732.352
105 360 448.351 0
104 270 904.243 0
93 360 907.014 530.743
6
56 360 0 0
57 360 0 606.379
102 270 479.079 0
101 270 1161.59 0
24 270 1200.59 410.732
120 270 612.467 439.199
5
23 360 0 0
109 270 0 694.405
21 270 530.72 0
20 270 907.229 464.201
1 360 1671.65 0
6
52 360 0 0
177 270 0 786.098
168 270 278.676 0
115 360 248.22 407.638
28 270 658.11 0
17 360 677.498 192.332
