28
44 270 0 0
85 270 850.893 0
145 270 795.893 648.678
105 360 1725.3 0
183 360 0 912.641
144 270 1755.14 936.143
150 270 718.425 430.562
219 270 176.365 859.733
108 270 665.005 430.282
164 360 625.859 408.733
65 360 667.032 386.14
112 360 519.2 401.711
217 270 560.053 362.152
120 270 491.784 362.538
218 270 469.513 343.338
58 360 458.255 307.758
122 270 485.544 275.724
113 360 445.486 227.417
171 360 436.357 195.589
57 360 432.482 175.945
53 360 432.322 148.712
56 360 434.574 106.227
149 360 675.063 1052.44
190 270 1400.9 1080.92
89 360 0 974.42
67 180 1176.67 1100.37
54 180 519.242 1081.93
55 360 1367.36 1104.88
10
185 360 0 0
3 360 664.809 0
104 360 1441.81 0
202 360 653.809 808.914
187 360 0 912.419
100 270 1339.59 912.344
12 360 551.974 0
220 270 1700.58 235.575
137 360 1822.35 933.931
172 270 542.687 912.203
7
81 360 0 0
163 270 648.635 0
93 360 1320.93 0
22 360 0 912.502
23 360 956.076 904.465
42 180 1823.24 606.992
140 90 1340.72 1075.85
12
197 270 0 0
132 270 664.776 0
98 270 1361.17 0
184 270 0 902.215
27 270 864.148 912.215
121 270 0 683.099
92 360 1678.27 0
157 270 1138.79 0
158 360 177.722 746.818
155 180 1775.04 911.99
182 270 1374.32 1067.71
189 180 903.091 1080.97
11
192 360 0 0
90 270 743.351 0
156 360 1407.75 0
97 270 0 912.584
52 360 902.991 912.495
111 270 0 0
99 360 139.969 0
205 360 1787.17 912.01
206 270 333.947 1070.92
173 270 789.264 943.383
170 180 0 1062.75
12
131 360 0 0
133 360 766.504 0
94 270 1518.6 0
50 360 0 912.502
210 270 823.345 912.364
180 360 0 1050.02
161 180 540.972 483.969
13 270 731.504 441.9
46 270 642.504 197.187
95 180 1746.13 829.193
160 360 451.111 1039.44
139 270 1411.05 856.959
8
179 360 0 0
38 270 652.729 0
25 270 1317 0
126 360 1317 700.447
147 270 0 912.307
194 360 639.135 912.295
103 270 1206.24 1018.97
118 360 0 1010.18
8
11 360 0 0
134 270 955.303 0
129 360 860.303 717.007
43 270 0 972.315
186 270 291.824 277.053
60 90 1382.04 694.345
36 90 599.259 924.219
125 270 0 1008.79
6
175 270 0 0
114 270 698.244 0
167 360 1431.73 0
33 270 0 847.177
195 270 1436.73 844.792
162 360 658.771 942.553
11
83 270 0 0
66 360 912.515 0
40 270 846.515 798.716
127 360 0 887.509
28 180 912.515 348.345
204 270 150.819 273.682
213 360 0 222.097
209 270 1791.97 0
212 270 366.097 265.881
61 90 1722.59 534.374
32 180 647.529 847.241
6
107 360 0 0
119 360 658.401 0
221 270 1336.45 0
106 270 0 682.763
143 360 649.075 765.565
117 360 1330.08 912.031
10
5 360 0 0
82 270 527.06 0
146 360 1245.17 0
123 360 0 774.866
211 270 655.06 274.258
207 360 578.287 877.034
72 180 1708.48 84.4012
39 360 1273.3 723.248
96 270 1764.46 587.587
154 180 987.327 912.062
6
142 360 0 0
176 360 652.816 0
19 360 1294.51 0
87 270 652.816 865.981
115 360 0 912.484
101 90 1395.51 453.839
9
20 360 0 0
84 270 648.586 0
4 270 1284.75 0
141 360 0 912.563
30 360 1235.75 775.096
75 270 111.216 0
64 270 564.768 908.563
7 180 1045.21 501.041
10 180 1826.95 573.634
7
200 360 0 0
102 360 582.662 0
169 360 0 654.167
166 360 1256.86 0
203 360 1179.5 713.167
8 180 0 957.809
110 270 847.293 890.207
9
178 270 0 0
199 270 421.006 0
116 360 747.46 0
41 270 0 842.448
135 360 1410.61 0
165 270 1107.33 617.532
69 270 786.46 476.748
6 270 1120.33 995.045
49 270 1622.6 975.045
7
214 270 0 0
177 360 0 612.044
79 360 827.836 0
73 270 842.836 448.798
78 270 1291.53 448.798
88 270 549.691 0
208 270 1297.53 896.424
9
216 360 0 0
47 360 326.146 0
14 270 1063.28 0
48 270 1025.28 406.929
15 270 371.146 752.41
151 270 379.146 0
68 360 1139.04 378.929
198 90 1686.88 214.953
152 90 1336.44 625.902
7
59 360 0 0
74 360 502.38 0
16 360 0 756.696
136 270 914.091 0
222 360 1321.83 0
159 360 1349.83 737.154
70 360 798.828 798.029
10
128 270 0 0
18 270 0 619.348
77 360 301.938 0
86 270 933.728 0
71 360 1605.19 0
201 270 725.187 214.095
215 360 1354.19 632.177
91 180 1375.24 860.67
109 360 0 963.19
45 270 517.216 957.793
9
168 360 0 0
31 270 0 549.387
191 360 505.445 0
196 270 1002.06 0
124 270 1261.91 0
76 360 1258.91 448.649
62 270 734.014 332.248
37 360 1323.36 784.325
26 180 161.236 827.001
8
1 360 0 0
2 360 558.159 0
138 270 0 633.168
63 360 241.258 549.168
35 270 1074.11 636.199
130 360 1030.39 0
153 90 1376.51 616.582
29 270 843.818 830.709
12
24 360 0 0
188 360 136.957 0
148 360 312.957 481.313
174 360 669.415 0
80 270 1143.48 386.429
17 270 1346.71 0
193 270 1538.71 568.384
21 360 1041.19 0
34 360 452.093 673.566
51 360 889.4 750.247
9 90 1660.09 801.524
181 360 104.913 855.921
