38
1 270.00 618.67 420.00
2 91.67 680.76 0.00
3 62.19 699.11 498.62
4 87.70 1789.63 825.43
7 22.74 765.65 456.03
12 220.64 1554.87 846.64
13 193.92 1377.51 847.96
14 102.67 0.00 481.92
15 185.43 0.00 1123.70
16 180.91 242.76 479.49
17 329.41 1101.23 413.61
18 270.29 1659.81 340.34
19 70.23 374.57 520.48
20 194.07 1641.10 523.17
21 186.27 978.50 0.33
22 179.82 0.00 0.00
23 259.66 0.11 542.05
24 270.03 1306.02 340.27
25 220.33 1006.39 204.71
26 359.69 1397.89 156.85
27 122.69 287.07 442.30
30 264.39 1211.28 800.59
31 108.60 1073.47 552.23
32 179.72 340.35 0.00
34 191.93 1438.66 83.80
35 244.28 7.13 471.78
36 90.35 590.75 1066.61
38 180.70 305.63 1088.73
41 89.52 0.00 873.76
43 204.50 1429.12 772.89
46 180.29 1502.02 0.00
47 333.13 1773.37 769.39
48 359.80 1279.96 586.30
49 270.00 950.23 119.22
50 0.45 205.00 509.29
51 90.17 205.09 1147.64
52 155.82 1343.29 0.00
54 197.87 840.25 802.83
16
5 33.29 0.01 220.44
6 179.84 0.00 0.00
8 341.10 168.23 178.72
9 267.26 323.31 902.16
10 237.17 108.93 658.58
11 57.73 163.09 625.28
28 358.95 172.38 855.06
29 235.06 1.17 499.27
33 358.46 191.21 0.00
37 13.68 268.40 248.19
39 359.47 338.33 387.83
40 157.05 271.17 599.73
42 0.00 0.00 732.76
44 56.54 0.00 855.29
45 33.85 139.79 323.53
53 270.00 308.70 0.00
